26 0.159375 0.86484375 0.31328125 0.2703125
77 0.1671875 0.21171875 0.27890625 0.2234375
139 0.06640625 0.0546875 0.11171875 0.06328125
160 0.16796875 0.01640625 0.040625 0.0328125
159 0.2234375 0.0140625 0.034375 0.028125
144 0.49453125 0.190625 0.35625 0.315625
226 0.8390625 0.190625 0.31953125 0.3140625
6 0.83046875 0.8703125 0.27734375 0.1890625
111 0.8359375 0.53515625 0.3125 0.30859375
109 0.49140625 0.86015625 0.2953125 0.2796875
135 0.14609375 0.52734375 0.2921875 0.3140625
162 0.50390625 0.5265625 0.32890625 0.30234375