60 0.51875 0.61328125 0.1765625 0.225
164 0.73359375 0.62890625 0.18828125 0.24296875
28 0.0390625 0.4546875 0.078125 0.15625
28 0.06875 0.0671875 0.1375 0.13359375
28 0.934375 0.85390625 0.13125 0.20625
9 0.41171875 0.85390625 0.1703125 0.2171875
138 0.13359375 0.68359375 0.12109375 0.13359375
138 0.6125 0.84375 0.11640625 0.1609375
138 0.6578125 0.16171875 0.1171875 0.13515625
138 0.8546875 0.1203125 0.21171875 0.2234375
8 0.353125 0.38359375 0.1984375 0.228125
17 0.55546875 0.36328125 0.18203125 0.22421875
11 0.17421875 0.33984375 0.14765625 0.19375
11 0.75546875 0.37265625 0.17734375 0.2109375
258 0.2859375 0.62734375 0.165625 0.20234375