242 0.309375 0.66328125 0.31171875 0.27109375
236 0.55234375 0.77265625 0.16640625 0.31875
159 0.83515625 0.6203125 0.0515625 0.15234375
158 0.90234375 0.625 0.0609375 0.15625
158 0.13125 0.57109375 0.03359375 0.11640625
159 0.078125 0.5890625 0.06328125 0.12265625
28 0.02890625 0.7015625 0.0578125 0.17890625
2 0.6765625 0.321875 0.07734375 0.146875
2 0.71953125 0.6140625 0.065625 0.2203125
2 0.6359375 0.471875 0.09921875 0.2765625
149 0.53046875 0.1828125 0.1890625 0.28515625
114 0.3265625 0.28984375 0.24453125 0.4125