169 0.39609375 0.69375 0.21484375 0.2859375
1 0.821875 0.2125 0.16640625 0.12109375
5 0.86953125 0.3875 0.1734375 0.13984375
103 0.6578125 0.59921875 0.28515625 0.27421875
116 0.17421875 0.41875 0.24453125 0.2234375
218 0.215625 0.25078125 0.153125 0.1140625
31 0.24140625 0.09921875 0.15078125 0.11484375
167 0.0765625 0.0953125 0.15078125 0.11171875
213 0.184375 0.67109375 0.12578125 0.24609375
153 0.91171875 0.60625 0.1765625 0.228125
241 0.54765625 0.0859375 0.1453125 0.1578125
235 0.40078125 0.0828125 0.146875 0.10859375