233 0.4890625 0.45546875 0.196875 0.33046875
116 0.809375 0.1046875 0.146875 0.178125
214 0.884375 0.35078125 0.15390625 0.18828125
214 0.08984375 0.57890625 0.1546875 0.21015625
213 0.46640625 0.115625 0.12265625 0.16015625
103 0.759375 0.6078125 0.18515625 0.26953125
217 0.68046875 0.87109375 0.14765625 0.21875
241 0.31640625 0.20703125 0.1140625 0.234375
188 0.13828125 0.1078125 0.13671875 0.20625
75 0.28359375 0.64921875 0.20390625 0.240625
183 0.2234375 0.42109375 0.134375 0.16875
104 0.69296875 0.346875 0.1484375 0.1796875
236 0.640625 0.11875 0.175 0.19765625
189 0.94296875 0.82734375 0.1140625 0.2328125
237 0.5 0.88125 0.17109375 0.22578125
167 0.31171875 0.9078125 0.1609375 0.184375
184 0.128125 0.89921875 0.15390625 0.2015625
146 0.9296875 0.578125 0.140625 0.19296875
216 0.075 0.33515625 0.14296875 0.1765625