72 0.7328125 0.83984375 0.3078125 0.3203125
22 0.2140625 0.70546875 0.22890625 0.27734375
213 0.496875 0.49921875 0.22578125 0.3234375
213 0.45546875 0.86796875 0.2421875 0.2640625
213 0.26875 0.36015625 0.2265625 0.340625
224 0.72734375 0.4234375 0.175 0.30234375
227 0.878125 0.57734375 0.15859375 0.19765625
125 0.9171875 0.4140625 0.0953125 0.1515625
227 0.80625 0.09765625 0.1515625 0.1953125
213 0.5296875 0.1359375 0.1921875 0.271875
22 0.121875 0.065625 0.24375 0.13046875
224 0.94453125 0.1515625 0.1109375 0.303125