207 0.94609375 0.4484375 0.1078125 0.3875
174 0.36171875 0.40078125 0.08359375 0.20703125
174 0.50859375 0.390625 0.07421875 0.14765625
174 0.48828125 0.91015625 0.17578125 0.17890625
174 0.83671875 0.58046875 0.08125 0.2796875
174 0.8515625 0.415625 0.08515625 0.04609375
174 0.51328125 0.7046875 0.115625 0.2171875
97 0.37734375 0.7015625 0.1328125 0.21796875
127 0.6921875 0.81640625 0.2328125 0.23359375
59 0.48515625 0.5046875 0.15546875 0.1140625
59 0.728125 0.49140625 0.1171875 0.10703125
107 0.646875 0.5828125 0.17734375 0.140625