127 0.19140625 0.6703125 0.35078125 0.2765625
97 0.58359375 0.771875 0.31875 0.4046875
259 0.5265625 0.2234375 0.13984375 0.13359375
252 0.878125 0.8328125 0.12421875 0.175
7 0.91875 0.42734375 0.16171875 0.1265625
70 0.31015625 0.13671875 0.05078125 0.11875
93 0.3640625 0.13203125 0.0484375 0.10390625
28 0.2625 0.10078125 0.03828125 0.20078125
28 0.303125 0.0359375 0.040625 0.0703125
28 0.34921875 0.034375 0.04765625 0.065625
231 0.33125 0.25546875 0.18359375 0.09765625
107 0.834375 0.2640625 0.121875 0.17734375
230 0.43359375 0.390625 0.296875 0.16875